%YAML:1.0

#--------------------------------------------------------------------------------------------
# Camera Parameters. Adjust them!
#--------------------------------------------------------------------------------------------
File.version: "1.0"

Camera.type: "KannalaBrandt8"

# Left Camera calibration and distortion parameters (OpenCV)
Camera1.fx: 285.3284912109375
Camera1.fy: 285.3135986328125
Camera1.cx: 418.63018798828125
Camera1.cy: 400.7213134765625

# Kannala-Brandt distortion parameters
Camera1.k1: -0.004832874052226543
Camera1.k2: 0.03613068163394928
Camera1.k3: -0.03420783951878548
Camera1.k4: 0.005285751074552536

# Right Camera calibration and distortion parameters (OpenCV)
Camera2.fx: 286.0035095214844
Camera2.fy: 285.9638977050781
Camera2.cx: 420.6217041015625
Camera2.cy: 401.93609619140625

# Kannala-Brandt distortion parameters
Camera2.k1: -0.006216922774910927
Camera2.k2: 0.04097127169370651
Camera2.k3: -0.03865949064493179
Camera2.k4:  0.006705055013298988
    
# Transformation matrix from right camera to left camera
Stereo.T_c1_c2: !!opencv-matrix
  rows: 4
  cols: 4
  dt: f
  data: [ 0.999949153 , -0.0037772253,  0.0093502439,  0.0643717149,
            0.0038442147,  0.9999669918, -0.0071574496, -0.0001349706,
            -0.0093228962,  0.0071930304,  0.9999306691, -0.0005960884,
            0.          ,  0.          ,  0.          ,  1.          ]

# Overlapping area between images (to be updated)
Camera1.overlappingBegin: 0
Camera1.overlappingEnd: 848

Camera2.overlappingBegin: 0
Camera2.overlappingEnd: 848

# Camera resolution
Camera.width: 848
Camera.height: 800

# Camera frames per second 
Camera.fps: 30

# Color order of the images (0: BGR, 1: RGB. It is ignored if images are grayscale)
Camera.RGB: 1

# Close/Far threshold. Baseline times.
Stereo.ThDepth: 40.0

#--------------------------------------------------------------------------------------------
# IMU Parameters
#--------------------------------------------------------------------------------------------

# Transformation from body-frame (imu) to left camera
IMU.T_b_c1: !!opencv-matrix
   rows: 4
   cols: 4
   dt: f
   data: [-0.99987501,  0.00118505,  0.01576581,  0.02159143,
          -0.00109594, -0.99998339,  0.00565936,  0.03721088,
          0.01577225,  0.00564137,  0.9998597 , -0.00722549,
          0.        ,  0.        ,  0.        ,  1.        ]

# Do not insert KFs when recently lost
IMU.InsertKFsWhenLost: 0

# IMU noise
IMU.NoiseGyro: 1e-3 # 0.000005148030141 # rad/s^0.5 
IMU.NoiseAcc: 1e-2 # 0.000066952452471 # m/s^1.5
IMU.GyroWalk: 0.000000499999999 # rad/s^1.5
IMU.AccWalk: 0.000099999997474 # m/s^2.5
IMU.Frequency: 200.0

#--------------------------------------------------------------------------------------------
# ORB Parameters
#--------------------------------------------------------------------------------------------

# ORB Extractor: Number of features per image
ORBextractor.nFeatures: 1500 # Tested with 1250

# ORB Extractor: Scale factor between levels in the scale pyramid 	
ORBextractor.scaleFactor: 1.2

# ORB Extractor: Number of levels in the scale pyramid	
ORBextractor.nLevels: 8

# ORB Extractor: Fast threshold
# Image is divided in a grid. At each cell FAST are extracted imposing a minimum response.
# Firstly we impose iniThFAST. If no corners are detected we impose a lower value minThFAST
# You can lower these values if your images have low contrast			
ORBextractor.iniThFAST: 15
ORBextractor.minThFAST: 7

#--------------------------------------------------------------------------------------------
# Viewer Parameters
#--------------------------------------------------------------------------------------------
Viewer.KeyFrameSize: 0.05
Viewer.KeyFrameLineWidth: 1.0
Viewer.GraphLineWidth: 0.9
Viewer.PointSize: 2.0
Viewer.CameraSize: 0.08
Viewer.CameraLineWidth: 3.0
Viewer.ViewpointX: 0.0
Viewer.ViewpointY: -0.7
Viewer.ViewpointZ: -3.5
Viewer.ViewpointF: 500.0
Viewer.imageViewScale: 1.0

loopClosing: 0