%YAML:1.0

#--------------------------------------------------------------------------------------------
# Camera Parameters. Adjust them!
#--------------------------------------------------------------------------------------------
File.version: "1.0"

Camera.type: "PinHole"

# Camera calibration and distortion parameters (OpenCV) 
Camera1.fx: 532.3300170898438
Camera1.fy: 532.1749877929688
Camera1.cx: 625.5050048828125
Camera1.cy: 349.7850036621094

Camera1.k1: -0.06839489936828613
Camera1.k2: 0.04895089939236641
Camera1.p1: -0.0001951129961526021
Camera1.p2: 0.0003996290033683181
Camera1.k3: -0.01962099969387054

Camera2.fx: 531.9500122070312
Camera2.fy: 531.875
Camera2.cx: 635.0449829101562
Camera2.cy: 361.32000732421875

Camera2.k1: -0.07459790259599686
Camera2.k2: 0.06056590005755424
Camera2.p1: -0.000367970991646871
Camera2.p2: -5.097949906485155e-05
Camera2.k3: -0.02554810047149658

# Camera1.fx: 531.6378561922982
# Camera1.fy: 531.1725635948326
# Camera1.cx: 628.5918350181566
# Camera1.cy: 352.2113444048729

# Camera1.k1: -0.025703201355557773
# Camera1.k2: -0.006175235113813171
# Camera1.p1: 1.602044777848247e-06
# Camera1.p2: 0.0006943245271352608

# Camera2.fx: 529.8387064495843
# Camera2.fy: 529.1834879645953
# Camera2.cx: 637.2981116579077
# Camera2.cy: 365.90670244783456

# Camera2.k1: -0.02620480284141069
# Camera2.k2: -0.005911653817354611
# Camera2.p1: 8.165243372654697e-05
# Camera2.p2: 0.0013459111453502609

Camera.width: 1280
Camera.height: 720

# Camera frames per second 
Camera.fps: 15

# IR projector baseline times fx (aprox.)
Camera.bf: 40.0

# Color order of the images (0: BGR, 1: RGB. It is ignored if images are grayscale)
Camera.RGB: 1

# Close/Far threshold. Baseline times.
Stereo.ThDepth: 40.0
Stereo.b: 1.2007800000000000e-01

# Deptmap values factor
Stereo.DepthMapFactor: 1.0

# Transformation matrix from right camera to left camera
Stereo.T_c1_c2: !!opencv-matrix
  rows: 4
  cols: 4
  dt: f
  data: [ 9.9999992784754332e-01, 3.5140102469305738e-04, -1.4429909223012287e-04, 1.2007800000000000e-01,
       -3.5158476783569352e-04, 9.9999912499316013e-01, -1.2753043029404369e-03, 5.8863999999999997e-05,
       1.4385082272858123e-04, 1.2753549442869390e-03, 9.9999917638801428e-01, -5.2883100000000002e-05,
       0.0, 0.0, 0.0, 1.0 ]
#   data: [0.9999934640922582, -9.151132064599352e-05, -0.003614332364864296, 0.12068825571543816,
#         0.00010110133362543482, 0.9999964750538677, 0.0026532354512139537, 0.0006675969839192927,
#         0.00361407682345728, -0.0026535835237340806, 0.9999899484210812, 0.001483918278999561,
#         0.0, 0.0, 0.0, 1.0]


#--------------------------------------------------------------------------------------------
# IMU Parameters
#--------------------------------------------------------------------------------------------

# Transformation from body-frame (imu) to left camera
IMU.T_b_c1: !!opencv-matrix
   rows: 4
   cols: 4
   dt: f
   data: [0.003716993378475,  0.999988973140717,  0.002872574841604,  0.023061001673341,
        0.999983966350555, -0.003729208605364,  0.004258705768734,  -0.000217000022531,
        0.004269371274859, 0.002856699051335,  -0.999986827373505, 0.002000000094995,
        0.          ,  0.          ,  0.          ,  1.          ]
#    data: [0.0009618841907629158, 0.9999969548237249, -0.002272690493727088, 0.01955558636022135,
#         0.9999711360497965, -0.000978982990061286, -0.0075344979649635555, 0.015451127332115946,
#         -0.007536699946424141, -0.002265377580424016, -0.9999690326296785, -0.009819511500426016,
#         0.          ,  0.          ,  0.          ,  1.          ]
# Do not insert KFs when recently lost
IMU.InsertKFsWhenLost: 0

# IMU noise

# from zed website
# IMU.NoiseGyro: 8.6e-05 # 0.000005148030141 # rad/s^0.5 
# IMU.NoiseAcc: 1.4e-03 # 0.000066952452471 # m/s^1.5
# IMU.GyroWalk: 2.2e-06 # rad/s^1.5
# IMU.AccWalk: 8.0e-05 # m/s^2.5

# IMU.NoiseGyro: 0.007 # 1.6968e-04 
# IMU.NoiseAcc:  0.0016 # 2.0000e-3
# IMU.GyroWalk:  0.0019474 
# IMU.AccWalk:   0.0002509 # 3.0000e-3

# own calibration results
IMU.NoiseGyro: 1.1409122574012266e-03 # 0.000005148030141 # rad/s^0.5 
IMU.NoiseAcc: 1.0990217925910353e-02 # 0.000066952452471 # m/s^1.5
IMU.GyroWalk: 7.461879520533526e-04 # rad/s^1.5
IMU.AccWalk: 6.123866310937789e-03 # m/s^2.5

# IMU.NoiseGyro: 0.010990217925910353 # 0.000005148030141 # rad/s^0.5 
# IMU.NoiseAcc: 0.002268927 # 0.000066952452471 # m/s^1.5
# IMU.GyroWalk: 0.000035355 # rad/s^1.5
# IMU.AccWalk: 0.0005 # m/s^2.5
IMU.Frequency: 200.0

#--------------------------------------------------------------------------------------------
# ORB Parameters
#--------------------------------------------------------------------------------------------

# ORB Extractor: Number of features per image
ORBextractor.nFeatures: 2000

# ORB Extractor: Scale factor between levels in the scale pyramid 	
ORBextractor.scaleFactor: 1.2

# ORB Extractor: Number of levels in the scale pyramid	
ORBextractor.nLevels: 8

# ORB Extractor: Fast threshold
# Image is divided in a grid. At each cell FAST are extracted imposing a minimum response.
# Firstly we impose iniThFAST. If no corners are detected we impose a lower value minThFAST
# You can lower these values if your images have low contrast			
ORBextractor.iniThFAST: 15
ORBextractor.minThFAST: 7

#--------------------------------------------------------------------------------------------
# Viewer Parameters
#--------------------------------------------------------------------------------------------
Viewer.KeyFrameSize: 0.05
Viewer.KeyFrameLineWidth: 1.0
Viewer.GraphLineWidth: 0.9
Viewer.PointSize: 2.0
Viewer.CameraSize: 0.08
Viewer.CameraLineWidth: 3.0
Viewer.ViewpointX: 0.0
Viewer.ViewpointY: -0.7
Viewer.ViewpointZ: -1.8
Viewer.ViewpointF: 500.0

# LC
loopClosing: 1